4294967294,0
4294967278,132
4294967278,324
4294967278,131
4294967278,130
4294967278,256
4294967278,129
4294967278,373
4294967278,128
4294967278,127
4294967278,255
4294967278,126
4294967278,125
4294967278,353
4294967278,124
4294967278,123
4294967278,122
4294967278,121
4294967278,120
4294967278,119
4294967278,118
4294967278,387
4294967278,117
4294967278,113
4294967278,408
4294967278,112
4294967278,111
4294967278,110
4294967278,109
4294967278,108
4294967278,174
4294967278,225
4294967278,107
4294967278,400
4294967278,106
4294967278,221
4294967278,105
4294967278,219
4294967278,104
4294967278,103
4294967278,391
4294967278,102
4294967278,101
4294967278,100
4294967278,99
4294967278,98
4294967278,97
4294967278,347
4294967278,368
4294967278,96
4294967278,95
4294967278,94
4294967278,93
4294967278,92
4294967278,312
4294967278,91
4294967278,410
4294967278,90
4294967278,371
4294967278,89
4294967278,87
4294967278,370
4294967278,86
4294967278,85
4294967278,403
4294967278,84
4294967278,83
4294967278,82
4294967278,81
4294967278,0
4294967278,345
4294967278,80
4294967278,79
4294967278,78
4294967278,77
4294967278,76
4294967278,367
4294967278,75
4294967278,390
4294967278,74
4294967278,382
4294967278,73
4294967278,72
4294967278,381
4294967278,71
4294967278,70
4294967278,304
4294967278,69
4294967278,68
4294967278,67
4294967278,66
4294967278,65
4294967278,64
4294967278,63
4294967279,0
4294967279,174
4294967279,430
4294967279,85
4294967279,81
4294967279,78
4294967279,433
4294967279,76
4294967279,310
4294967279,74
4294967279,443
4294967279,70
4294967279,68
4294967279,65
4294967279,62
4294967279,306
4294967279,58
4294967279,55
4294967279,52
4294967279,301
4294967279,51
4294967279,49
4294967279,46
4294967279,44
4294967279,297
4294967279,42
4294967279,40
4294967279,446
4294967279,411
4294967279,299
4294967279,35
4294967279,34
4294967279,31
4294967279,438
4294967279,30
4294967279,27
4294967279,25
4294967279,422
4294967279,450
4294967279,462
4294967279,17
4294967279,282
4294967279,15
4294967279,469
4294967279,392
4294967279,10
4294967279,9
4294967279,8
4294967279,7
4294967279,261
4294967279,6
4294967279,5
4294967279,4
4294967278,116
4294967278,241
4294967278,115
4294967278,409
4294967278,114
4294967278,318
4294967294,6
4294967278,236
4294967278,234
4294967278,232
4294967278,230
4294967278,228
4294967278,226
4294967278,224
4294967278,222
4294967278,220
4294967278,218
4294967278,216
4294967278,214
4294967278,213
4294967278,212
4294967278,211
4294967278,210
4294967278,209
4294967278,208
4294967278,207
4294967278,206
4294967278,205
4294967278,204
4294967278,203
4294967278,202
4294967278,201
4294967278,200
4294967278,199
4294967279,200
4294967278,198
4294967278,197
4294967279,198
4294967278,196
4294967278,195
4294967279,196
4294967278,194
4294967278,193
4294967279,194
4294967278,192
4294967279,193
4294967278,191
4294967278,190
4294967278,189
4294967278,188
4294967278,187
4294967279,188
4294967278,186
4294967279,187
4294967278,185
4294967278,184
4294967279,185
4294967278,183
4294967278,182
4294967279,183
4294967278,181
4294967278,180
4294967279,181
4294967278,179
4294967278,178
4294967278,177
4294967279,178
4294967279,177
4294967279,176
4294967279,172
4294967279,171
4294967279,167
4294967279,161
4294967279,153
4294967279,152
4294967279,147
4294967279,146
4294967279,142
4294967279,137
4294967279,22
4294967279,291
4294967279,290
4294967294,7
0,5
4294967279,275
4294967294,1087
183,5
183,4
183,3
183,2
183,1
4294967294,494
4294967279,217
181,7
181,6
181,5
181,4
181,3
181,2
181,1
4294967278,411
4294967294,1166
177,5
177,4
177,3
177,2
177,1
4294967294,439
4294967294,1424
175,5
175,4
175,3
175,2
175,1
4294967294,1216
4294967294,1244
4294967294,493
173,6
173,5
173,4
173,3
173,2
173,1
172,5
172,4
172,3
172,2
172,1
4294967294,492
171,4
171,3
171,2
171,1
170,5
170,4
170,3
170,2
170,1
168,4
168,3
168,2
168,1
4294967279,403
4294967294,471
4294967279,467
4294967278,406
4294967293,131
4294967293,130
4294967293,129
4294967293,128
4294967293,127
4294967293,126
4294967293,125
4294967293,124
4294967293,123
4294967293,122
4294967293,121
4294967293,120
4294967293,119
4294967293,118
4294967293,117
4294967293,116
4294967293,115
4294967293,114
4294967293,113
4294967293,112
4294967293,111
4294967293,110
4294967293,109
4294967293,108
4294967293,107
4294967293,106
4294967293,105
4294967293,104
4294967293,103
4294967293,102
4294967293,101
4294967293,100
4294967293,99
4294967293,98
4294967293,97
4294967293,96
4294967293,95
4294967293,94
4294967293,93
4294967293,92
4294967293,91
4294967293,90
4294967293,89
4294967293,88
4294967293,87
4294967293,86
4294967293,85
4294967293,84
